ROUGE-1 : [nan, nan, nan, 0.03445149517649651, 0.15708265876264213]

ROUGE-2 : [nan, nan, nan, 0.01270033188918801, 0.09166365329030071]

ROUGE-L : [nan, nan, nan, 0.0380434765616509, 0.18298345049351192]

Jaccard : [nan, nan, nan, 0.02364394993045897, 0.12035711145444725]

Overmin : [nan, nan, nan, 0.2698412698412698, 0.5815615835777126]

Overmax : [nan, nan, nan, 0.02526002971768202, 0.1324182763744428]

BLEU    : [nan, nan, nan, 0.01132414506183412, 0.06985846019165107]

METEOR  : [nan, nan, nan, 0.06413246268656717, 0.24679374774483653]

